1.01504
1.91345
0.957427
1.09203
1.09203
0.842424
1.21231
0.617667
0.939336
1.42426
0.833441
1.42489
1.80488
0.847233
2.88331
0.817525
1.61863
0.550659
1.42255
1.54731
1.26841
1.77148
0.765001
1.07576
1.76404
2.032
1.01504
1.91345
0.957427
1.01989
0.957427
1.01989
1.01504
1.91345
0.957427
0.808337
1.18967
1.04221
1.01504
1.56004
1.12142
1.1531
1.35916
1.57944
1.92997
1.57944
1.57944
1.53174
1.28852
0.842816
1.18967
0.808337
1.18967
1.24272
1.08834
1.43812
0.915811
0.92582
0.915811
1.43812
1.29319
1.76991
1.76991
1.08834
