1252643
662071
1038263
1016157
787413
856106
707282
911940
467759
919398
870013
462946
924016
1061654
1098717
1653445
1714906
1488246
303482
1139003
1045643
550579
982604
1025450
827490
1190334
1162137
1081486
610601
1078314
516184
814020
876736
479899
832715
1091415
826500
862641
552842
870116
1077391
886997
958034
965900
943607
1007160
1188815
462852
1216863
517804
1074894
1092646
943603
965628
877142
915505
459869
977404
815016
957934
839823
955003
865660
1105712
1724408
1324911
1526698
2312280
1078479
751829
1504739
1443929
1186719
687197
1115040
491063
1056180
2089286
1520574
695520
1868038
574175
1197958
1083764
1917636
1079227
2567348
586751
1424340
1407025
577329
1570716
1819256
1743885
1636154
384237
1393416
640442
1089121
1232367
615315
1561360
1326210
706159
1292129
604319
1601214
9362771
632376
6902666
782851
7361623
4591051
2212272
2181530
501187
1361316
1711437
722782
1979205
5599417
7519828
7137762
1013588
4681399
7223623
664312
1292125
6506033
1091888
5479811
4628460
722760
1032040
8034764
5180589
4565140
2327859
4502321
6098807
5494179
519491
3581451
634724
1293043
909728
640332
817861
934188
796340
1143394
1142882
525934
1985284
524302
1081127
899273
476576
790000
917473
797836
921076
477788
1975767
583798
1754703
1493603
1858208
619309
1690880
1864244
557406
3550328
597586
5877994
717455
5914769
3884081
6562864
574000
6183737
6139545
5967935
833917
4973728
5206225
813661
6024242
5573969
749733
8069300
815853
6793305
6791833
885272
6546184
6234426
6223734
874782
5839754
715484
5652222
5693952
6314708
626868
5774854
5554994
2218068
6280111
479146
5173605
3825489
1887375
739923
1671667
546212
3042396
1061267
1173499
1030881
417691
873327
911604
971648
859494
510149
1189563
3388519
1932467
637453
1624317
485738
1168054
2076602
1397335
1599326
595752
1788187
502813
1420649
4320468
5083979
5651084
522731
3736656
4711091
907440
5566623
768378
6239461
5709317
805170
5959465
5823167
5446257
621421
1607268
704239
1083413
1360745
4069150
5886661
6103067
768627
4453276
4066324
784825
3977655
4298682
3239552
554388
1747659
619226
1309846
953454
948409
1134158
2324511
32516
1152850
803718
457889
1205404
834636
960845
5344497
969373
4256352
4138912
4387692
605107
5077540
3835040
655957
3200989
1189207
2494973
2072266
955609
540761
937959
1077774
512275
2344638
1239821
544516
2636051
496790
1848055
1065241
2197218
2081491
553556
1683110
1453917
554522
962220
1164629
552873
1077165
969395
892681
1105532
1340772
513012
970078
1033730
553568
1185852
1046365
1009072
954305
482739
858461
1051067
1175444
491979
989932
1036933
520813
997814
965983
936529
1556081
489136
969420
1089417
2425591
24906
1283433
1011386
894222
503255
878613
872505
861150
861158
874854
466693
726977
748619
381912
840110
779102
400610
804544
899019
745069
955821
416674
718410
863640
420164
787251
756570
488647
803035
903999
1147608
849281
443865
912597
899868
912827
922831
904370
868236
557370
831810
970958
839504
857800
966323
754071
465191
877738
939208
839131
950791
418941
748747
945359
1050660
1052574
942283
953997
1191098
937210
1029763
567678
948818
947541
816822
930976
450875
748140
934702
2253663
1238014
593760
714439
929042
473456
714837
824886
983951
1096197
1146830
433062
833478
881733
456488
766608
919888
726127
833939
850688
1046634
499728
985895
978746
1474916
911069
843538
929798
381210
759080
908793
645707
897223
1058382
942076
1109777
998462
474321
882301
856063
472525
795897
961108
845145
943409
501807
783783
824501
487059
763785
947687
850023
897399
836516
766428
843309
500967
851395
938701
878963
860207
793843
486086
790467
829859
455973
813685
813550
466722
872109
2125873
1099265
524549
890144
770007
723488
453410
948737
650031
884451
643631
855281
388238
652526
732769
767332
403311
734786
857561
747666
517298
718057
885684
716773
881915
370348
683108
758673
787387
503247
769511
728191
418783
694045
865823
439036
753004
770294
831296
510349
910435
902337
962061
947523
784007
819378
471792
818360
749228
840243
517583
846726
941678
794394
894848
792263
902386
781281
906794
875197
472727
785193
901177
787110
938459
974325
549267
883546
1085255
833478
2379382
1528814
331325
1217627
486216
958490
856436
912918
910870
1153702
3761164
721825
3987618
3921132
4465662
784986
5432512
742996
5683165
6552515
702529
4530895
4294452
4532122
5134234
863911
5864382
5477822
6883939
717298
5091303
686997
975939
993351
6519580
4486070
673310
5785000
5692041
5312666
2277229
1713120
835595
1236323
1249944
1577928
624216
4823693
5749126
833901
944996
919633
5681955
4837369
762914
4196806
2103491
653276
1010777
1589632
1527306
1244446
954261
880370
526477
992432
1037952
1396889
544987
1084127
2140276
1273568
492817
1119159
1267831
3208531
5232165
4617104
828123
4744619
1146211
4845449
4805004
4736096
5597870
627149
2417488
2444654
660350
1972351
1183460
1395393
958743
1012360
1021577
519857
942645
920350
1081764
1465203
559190
1171511
1348235
528710
1256266
1836532
525085
995713
982039
948979
940998
968499
1164010
1803089
654960
1586634
2353709
588574
4158777
4809851
716067
4880153
1065232
4899041
4962975
4734768
4399074
829163
4133391
3527856
2190831
1191742
651364
1053199
1430140
1504808
642480
1174188
990587
1123349
2333541
39995
906096
950615
419125
583491
905947
601498
849256
683869
799149
365692
646884
855521
597128
808295
414852
711079
899295
422936
768322
849201
913715
464154
811491
824749
435475
1073645
959753
1325912
1269079
425245
1001236
1129260
1417505
573363
1206657
1164326
1103282
1468408
998498
1055585
917830
1093229
953113
990455
892681
976988
929607
883787
921249
1089559
1025984
984269
908178
941288
413343
938822
1017228
441356
899277
946446
925468
937335
916497
916020
476064
884527
932501
899272
2393751
8849
1362020
485862
1114746
1053293
887683
1034777
528612
1095486
927067
524524
1041042
829987
1051967
1035040
789769
1057064
492831
809075
898063
463845
790324
992551
460002
1004576
875947
990068
571397
1419161
1079506
597518
1255074
906204
920499
568810
846049
971410
898682
1053925
1316002
538109
949241
1019303
1327383
505484
996080
980201
2126011
4136545
6852633
890708
5880820
5756405
833495
5339298
5182823
4699966
687645
4427309
3875821
783840
3386867
982356
3621905
3412713
668002
3383829
939553
3872185
3665340
237272
359860
3774386
843526
3291054
3382011
3791676
604144
1523777
903008
540165
789664
956271
847256
982592
974889
989513
1260024
419756
841418
1048331
1002367
1040690
432662
1038842
1065030
412712
980589
921531
865641
1097660
411682
908629
902835
897877
513990
882434
943340
1120859
1152491
467402
1050148
931621
1063450
953200
918079
1752131
2263515
524259
2281542
1023042
2540595
936042
3332431
3589806
555635
4162834
3077260
2249969
562834
2235523
2381798
2496245
1718950
1322300
1260325
984383
557087
963943
2154319
29699
934256
887071
685800
844949
835864
662278
816322
670351
731859
733010
402232
822867
865106
866292
444399
799111
862644
893857
426287
771891
951814
658284
777163
707759
424882
706343
756219
681398
790376
418572
676299
1002843
786265
914443
791013
865624
810237
490701
794730
932222
752164
933718
782220
865938
1036710
1191783
1017628
980755
950678
811132
969841
917843
434102
947844
923970
916564
886007
522399
853222
930679
452417
800856
882809
440565
782365
864869
1028195
849584
2133947
1119892
364188
672258
815878
411760
717407
723264
950061
615467
783323
657483
767679
796151
707567
411456
716546
733353
743020
539505
807809
761017
713123
432032
839509
905767
365931
844179
953332
474581
905580
862823
518771
927363
959572
832955
923752
889007
899151
858185
919923
770266
973766
959680
976980
894071
819221
963079
902594
966999
767722
959792
557587
886378
1004113
832688
1051835
455042
831074
944058
938106
1010005
432008
994807
962750
903108
452097
800758
948134
735700
2038471
1157942
428350
714915
804971
496390
907761
871302
730229
798488
954104
727516
966375
344253
714623
892675
748568
907816
889935
382747
1239476
2595587
2516112
470555
2858732
987964
3092323
3305693
3878477
3166084
615960
3164119
3101508
595602
3005315
3083259
695176
3670282
3354763
3312185
713697
3190130
1059434
3257212
997043
3343021
3985624
1147572
3330938
3395209
4082886
3259727
677716
3053175
986491
3215936
3201347
1078301
997378
4119787
1224638
3372967
3563703
983549
5084195
3387095
1062228
3905541
5904763
1091074
1770969
4518114
5753472
4417276
622918
5022094
935589
5032286
4934673
4855017
620765
5283023
977449
5144291
5102006
1020692
5642939
4075218
633007
3470392
3309332
3231046
4983188
3699866
3925321
696693
4252726
987365
3935078
4075549
4681006
5955337
791362
2875278
1008270
1296045
926092
1016321
1172102
1290339
1083616
369207
1314591
896073
861415
889652
839072
868498
807356
861681
494015
847595
899039
778893
857230
480479
841390
918495
984827
802268
1010496
950290
514157
969541
1158805
966012
1016757
919501
948845
1187606
2196955
1133081
374820
634963
815213
600964
774609
560190
837391
560263
839123
694298
376224
654424
834622
680765
821993
649280
856429
733769
415148
662509
881512
680462
830610
914755
724697
837226
726094
887373
742179
806504
949991
410762
846832
986038
433770
811629
907643
403979
780728
957587
813360
887470
925328
821910
809551
470784
753619
747294
683606
870749
495133
888059
947683
779170
861425
842746
906240
849189
818627
526275
796514
917574
913669
864580
851920
424962
795397
859152
2072258
1125490
352195
693826
801790
427161
586044
818588
579799
766181
768087
431223
800370
792935
761683
874887
868419
592021
801469
670376
834820
712119
428247
724759
726463
403034
835155
842445
887457
985533
1117802
404555
927751
1006714
409331
858133
734167
413964
772191
826932
459169
864357
909536
808789
856890
937054
424011
800760
782518
360708
683069
920805
746169
787709
927827
442822
784808
956708
816828
875562
1017904
901758
462813
839090
871758
407433
745342
882133
435555
767814
2020917
1129954
431226
751448
869924
351787
786537
676840
376910
697023
688034
388162
633472
722361
793224
414319
843803
866062
2417379
3833077
3976355
3956040
3765806
4155201
4696396
5256190
735512
947214
6047718
6036799
5438572
5918193
9214883
750404
10513994
718402
11543587
1143626
11698441
752873
12543277
14215618
1024080
2511644
753073
1228371
1019170
1485355
641938
988452
2099119
595773
2413122
1368249
593226
924732
939196
927485
611575
941300
1172043
848377
3371956
2021781
629354
3241289
573885
6753639
1182665
2622616
6198351
8451461
14247490
542928
7369567
3901599
659273
1528239
1085111
2747581
3370733
3289497
2699610
677824
1330515
1032451
1461989
566476
4319494
539891
6147724
1204512
2200009
963730
2265325
2545424
4520927
616027
7460252
672239
1262889
1378855
614499
1129490
1435793
5080178
712366
5426234
6697319
7268435
779640
6986055
11371496
877563
6994508
6314415
745745
5861703
5892316
6094716
772234
986766
9517961
1081110
4300156
1815937
620272
1068130
931561
642520
1030727
1011930
587554
950358
1123528
1192472
698648
1284130
599961
1424776
2945927
70567
2686611
2030994
2000672
479396
1639676
1580411
1218830
728061
1125895
566835
916541
1125284
1536692
639762
1754710
1797146
2470455
1688467
476259
1311045
1227148
612509
1086071
980565
608755
934253
1001024
796039
973992
875992
962962
541765
951088
1140670
866618
962032
486326
944584
863514
928080
548912
831003
1152354
822971
967818
855518
956512
944071
932253
521707
847106
892640
508351
931501
991525
1149604
1005378
1127576
980730
943891
890152
541753
933609
1140597
877919
943716
485987
788721
2403192
1198274
1151633
360584
1085317
975770
570350
837361
952250
692880
998513
435279
833424
887888
449972
732067
936233
728924
956243
699674
878956
420670
746706
877310
843556
501551
859803
857631
1191178
577890
900894
868419
572140
930905
924916
745114
930781
836607
511853
1070776
1087160
813283
932581
961443
862364
544072
1027997
1051564
944110
3409170
4832280
561767
7632837
6541298
690989
6816518
7555367
868503
6534862
719295
6690510
6607195
6866164
684635
6938506
745946
7213192
952262
7194452
770258
2685842
1404623
1425900
1444028
329760
1297153
1043183
536853
788278
847131
516520
758092
932459
683986
905459
755518
479305
2587835
1074474
955168
914993
1669729
3159982
584925
7517083
708786
6859709
6886088
6144660
616043
5876299
6050418
872607
4618754
2618435
2601973
1882902
453578
1463802
628167
2463336
1147240
2021980
2459275
599138
1209270
1054729
607956
922361
1147085
950615
1064714
557123
1142891
1354875
2000245
5596813
495615
4721650
698647
3074705
2151687
1074958
636320
963296
1221408
963016
988404
1816766
1226105
3765320
1470141
618747
1375605
1343429
2092569
568938
1143444
1358359
528480
1064649
1128499
878625
1136302
509660
1645798
7689912
7380585
893376
1651083
642343
5317872
6852494
785546
5820936
4109786
810520
1595943
1307602
2184864
4010156
1730714
434478
1269497
588455
926100
970652
561794
924280
933886
1384308
1840737
643981
1388586
2235335
697566
5946409
635382
8205548
5193002
921061
5408505
4833729
844532
5375166
2734360
1714594
791817
2367061
1371515
699641
1888658
2621364
2346954
1321959
1208558
779915
1144317
1160011
926780
2438499
1330730
399735
1131033
1012258
573573
953464
1307093
845519
1466077
2053624
2021131
457550
1794372
1611017
419662
1420983
1575064
1353305
823563
1239830
610364
964938
987319
908980
1306041
665015
1190088
517999
912312
960414
567099
1078886
1146437
1216089
1087324
1253782
1293050
611158
1363287
1050698
626546
1143941
576966
939658
1018966
865890
583858
908001
894052
618380
903812
920553
550712
929270
910963
603247
918803
895470
562314
914482
951486
575110
898044
1166670
909871
966449
851408
975216
903433
2361117
893937
678633
1155503
973959
599084
851192
1108564
835674
906733
788458
833551
2048207
1894310
1184491
1211325
415052
842825
1007292
956114
1426937
1256866
535347
1018892
1207250
1429794
664412
3033315
513838
2446616
1137061
3467272
3650403
3643255
2554466
456053
1356799
607878
1565995
4837659
659863
7192214
8594820
8429408
8810482
770954
8180565
8265369
911472
8075926
7599074
841217
6818722
6432404
855849
6269270
6196632
864141
6263846
3035648
1977245
811725
1579653
1126457
622527
1001772
1001072
990172
980632
467011
2292761
1195866
510065
1067949
1795352
1534497
538484
1862761
1048300
1139171
1588160
513723
1246177
976279
1804121
904376
3015060
5943856
648594
5170445
977384
4165530
1015326
5520433
1090069
5612363
6217164
6151260
6194705
606076
3244923
1389677
649754
1354485
1355086
1116223
1137231
1979037
3771251
658430
1440706
1072773
955739
917962
870459
940341
481125
848312
919990
2005148
548682
2000589
1138917
2950477
654700
6258997
647005
6905066
6315614
6961735
836609
7480510
7405121
7210400
819458
7299414
7922682
668850
2391628
1468999
2303501
1810763
390215
2192014
482883
727253
797964
467850
2547235
994415
3927148
6717880
723484
6777664
6786389
816809
7396173
6797304
888058
5896646
673995
3147042
1529526
646514
1835049
1541661
1386051
1095941
581812
1003464
1102338
528214
1026948
1009342
1310922
1384503
566486
1576173
1167542
530703
1713038
4006052
563761
6080289
1199843
4566950
1006384
5170600
8342559
764094
6262631
4224161
698990
1861604
1232841
2285957
603538
1596888
1226707
622600
1189689
1234074
501163
1056908
2227121
583019
3014322
4129618
596051
4612496
2256819
4469265
4351002
488165
5757817
697937
1069591
966057
544022
871043
937805
723290
924279
866760
854947
454920
844050
959651
840131
916312
847480
1565163
504327
1432539
1294495
538445
1160565
1251889
1131034
556239
1122285
1156987
847651
988638
457785
888164
893728
922940
1015700
493306
825113
891883
485295
856009
972523
859492
931155
947880
531891
844074
978422
859213
962176
933103
1000389
517385
883947
981055
501362
805796
949096
850894
944872
944410
868201
582833
832320
781144
476432
925534
2306792
1166948
336592
1090631
856539
531028
749986
934629
673643
756947
408121
703240
838494
429326
755719
904816
739563
808484
376845
714673
851670
431874
1120029
1240930
976471
1134122
1651707
1127260
457273
810880
942953
781847
921418
824378
1313397
1188216
990918
1118976
540836
1101314
1122314
916059
1106815
455788
1027655
962816
995078
988627
1066937
1019410
527096
808247
919397
482896
987286
965660
1190381
1032393
1028745
1210300
581298
1181379
1051027
4378288
627419
5208608
5222682
5014111
629843
5328767
5473947
25633
4282643
4367584
691939
3394741
3775849
3821345
638522
1060610
1440708
2028075
521359
1040362
1156296
1385839
464751
1259403
902168
1230044
864471
1362681
906663
1897292
1188835
478372
1755051
883521
1491738
1762324
1352057
514887
1261318
3109173
680592
4684740
1031646
4825994
5503412
6084599
803162
6793294
2116237
785041
3070436
1059150
3788106
4709855
664721
5720566
1012120
5597176
4551949
1132745
4566424
4517708
723182
3744352
1050606
4300432
995649
3532021
1352256
1189558
1215836
525312
903621
882350
794872
475741
1985556
1088463
845531
856045
480947
819330
843546
1432015
2760366
949404
3728138
4269218
4501371
696552
4614881
5090973
5549454
5498830
5374878
5270760
790745
5234831
5201577
5163629
6317307
871833
4270581
1069046
3725620
3752229
640011
1131460
983821
808381
932866
910302
874039
1039609
1133338
976396
895860
949909
888105
520492
831305
915701
792410
871874
646929
862876
799697
840593
849779
1029740
961435
1066234
1349231
1337369
1272105
573224
1043278
1049035
531138
932492
905284
955968
516414
838766
902939
487767
2258309
1218807
415394
1250065
959511
942979
1016784
961261
933275
524514
844844
772466
852940
541263
680104
734675
407031
736624
709989
466019
672728
766545
417832
701716
889641
697010
805186
422478
788852
811981
414790
783969
902917
670380
877917
1054822
946949
1191123
816522
952804
958765
778456
882901
749086
859132
354266
699851
852011
722454
832939
453647
836978
777001
406033
699859
725196
395573
802145
901223
661996
831239
832870
453817
811487
810207
792497
483381
834161
823884
424729
2239819
82827
839585
883079
412809
645771
839979
435740
627974
693141
388326
601948
864073
639687
744584
324113
704810
799928
563592
821134
743582
438178
675913
827209
685867
902549
356155
689508
880646
719081
