4.33118
1.39276
1.39276
1.39276
1.39276
1.45691
1.45691
1.91373
0.983739
1.20483
5.30226
2.09069
2.09069
0.730297
1.20304
1.20304
1.01176
1.66438
0.616964
2.21955
6.51394
0.994609
1.01176
0.981687
0.741337
1.8075
1.29758
0.616964
2.03846
1.34066
2.02458
2.39578
1.36192
6.20209
0.439941
0.963863
1.20304
1.66438
0.616964
1.16369
1.79171
0.981687
0.741337
1.8075
1.8075
1.29758
1.97427
2.02458
2.39578
2.96604
0.981687
0.741337
1.8075
1.97427
2.02458
2.39578
1.08342
1.68165
0.948258
0.82436
0.644455
1.49056
0.963863
1.20304
1.66438
0.616964
1.16369
1.79171
1.68165
0.948258
0.82436
0.644455
1.49056
1.07397
1.72877
5.12942
1.42223
1.1496
2.09069
1.0155
6.29114
1.47306
1.91261
0.773207
0.981687
2.02458
1.68165
1.01176
5.06438
5.06438
5.06438
5.06438
0.931094
1.77687
9.19316
1.01176
0.981687
0.741337
1.8075
1.68165
0.948258
1.45691
1.27327
1.26364
1.26364
1.45691
1.27327
0.815179
1.77921
1.29598
3.55298
2.94246
1.01176
1.39276
1.60495
1.04727
0.777282
1.01176
3.48957
3.28568
1.26364
1.26364
1.45691
1.23044
1.84915
2.30406
2.19892
4.87547
1.14535
1.13415
5.49526
8.20675
2.53492
3.48854
0.899284
2.54877
8.76687
1.39276
8.76687
1.39276
1.60495
1.04727
0.777282
4.0619
0.983739
1.20483
1.16582
1.66287
1.01176
0.981687
0.741337
1.8075
1.97427
2.02458
1.45691
1.27327
1.27327
0.815179
1.27327
0.981687
0.741337
1.8075
1.29758
1.97427
1.97427
2.02458
2.39578
2.96604
1.08342
5.17272
1.26151
4.30878
2.21955
1.54372
1.54372
0.846114
2.7373
3.16168
1.64022
1.25563
1.0113
0.966288
0.846244
0.931094
1.77687
9.19316
1.01176
0.981687
0.741337
8.76687
1.39276
1.60495
1.04727
1.04727
0.777282
4.0619
0.983739
1.20483
1.16582
1.66287
1.29598
3.55298
3.55298
2.94246
1.34066
1.01176
3.48957
3.28568
3.64545
2.66379
1.99571
4.01154
0.97499
1.23044
1.23044
1.84915
2.30406
2.19892
4.87547
1.14535
1.13415
1.20211
1.17099
1.167
0.870051
1.09446
5.01475
3.49654
1.91373
1.60141
0.998924
2.9158
1.91766
1.81365
0.626936
0.899284
2.54877
0.908739
0.908739
1.09985
3.04941
1.63473
1.8474
1.62252
1.6297
1.47597
1.08799
1.47253
1.20224
3.16674
2.91418
0.627816
0.975506
0.975506
1.45912
1.19497
4.01154
4.01154
0.97499
1.23044
1.84915
2.30406
2.19892
4.87547
1.14535
1.13415
1.20211
1.17099
1.167
0.870051
1.09446
5.01475
3.49654
1.91373
1.60141
0.998924
2.9158
1.91766
1.81365
0.626936
2.52008
1.01176
2.66379
2.66379
1.99571
5.49526
8.20675
2.53492
3.48854
0.899284
2.54877
0.908739
1.09985
3.04941
1.63473
1.8474
1.62252
1.6297
1.47597
1.08799
1.47253
1.20224
3.16674
2.91418
0.627816
1.01388
3.38278
1.45586
2.13435
1.16582
1.66287
2.95922
2.95922
3.55661
1.45912
1.19497
4.01154
0.97499
1.23044
1.84915
2.30406
2.19892
4.87547
1.14535
1.13415
1.20211
1.17099
1.167
0.870051
1.09446
5.01475
3.49654
1.91373
1.60141
0.998924
2.9158
1.91766
1.81365
1.34066
1.01176
3.48957
3.28568
3.64545
2.66379
1.99571
5.49526
8.20675
2.53492
3.48854
0.899284
2.54877
0.908739
1.09985
3.04941
1.63473
1.8474
1.62252
1.6297
1.47597
1.08799
1.47253
1.20224
3.16674
2.91418
0.627816
1.01388
3.38278
1.45586
2.13435
8.76687
1.39276
1.39276
1.60495
1.04727
0.777282
2.95922
3.55661
3.55661
1.45912
1.19497
4.01154
0.97499
1.23044
1.84915
0.975506
0.99569
0.925156
3.1772
2.57218
0.832796
0.983739
1.20483
1.20483
1.16582
1.66287
2.95922
3.55661
3.55661
1.45912
1.45912
1.19497
4.01154
0.97499
1.23044
1.84915
2.30406
0.975506
0.99569
0.925156
3.1772
2.57218
0.832796
1.24164
1.20483
1.66287
2.95922
3.55661
1.45912
1.19497
4.01154
0.97499
0.975506
0.99569
0.925156
3.1772
2.57218
0.983739
1.16582
1.66287
2.95922
3.55661
1.45912
1.19497
4.01154
0.97499
1.23044
1.84915
2.30406
2.19892
4.87547
1.14535
1.13415
1.20211
1.17099
0.975506
0.99569
0.925156
3.1772
2.57218
0.832796
1.24164
1.2688
1.30012
5.30226
1.77921
1.29598
3.55298
1.26364
1.45691
1.27327
0.815179
1.66529
8.76687
1.39276
1.60495
1.04727
0.777282
4.0619
0.983739
1.16582
1.66287
2.95922
3.55661
1.45912
1.19497
4.01154
0.97499
1.23044
1.84915
2.30406
2.19892
4.87547
1.14535
1.13415
1.20211
1.17099
1.167
0.870051
1.09446
5.01475
3.49654
1.91373
1.60141
0.998924
2.9158
1.91766
1.81365
0.626936
2.52008
7.36714
1.07341
1.91373
2.9158
3.03856
3.12396
1.36451
1.05443
0.780928
1.62252
1.50412
0.983739
1.05035
1.13592
1.6874
2.36916
1.47743
1.06423
1.6643
1.55957
1.17346
1.19137
0.718981
1.19137
0.718981
1.19137
0.718981
1.32144
4.36433
1.66882
1.31065
1.09752
1.28539
5.64676
0.711113
0.906962
2.83754
1.37489
0.865443
0.761279
2.38795
1.06053
1.91654
0.941858
2.43717
1.04537
1.43684
1.27
1.11034
0.949851
1.30993
3.95896
5.78694
1.35043
2.31637
1.38657
1.06761
1.7106
1.72507
1.92102
2.03992
1.71612
1.15659
1.92501
1.92501
0.975506
0.99569
0.925156
3.1772
2.57218
0.832796
1.24164
1.2688
1.30012
5.30226
1.77921
1.29598
3.55298
2.94246
1.34066
1.01176
3.48957
3.28568
3.64545
2.66379
1.99571
5.49526
8.20675
2.53492
3.48854
0.899284
2.54877
0.908739
1.09985
3.04941
1.63473
1.8474
1.62252
1.6297
1.47597
1.08799
1.47253
1.20224
3.16674
2.91418
0.627816
1.01388
3.38278
1.45586
2.13435
1.87891
0.889605
7.79468
1.21441
0.850047
0.889605
2.817
6.63066
1.00803
1.778
2.35367
3.01542
4.75737
3.51
2.69488
1.37801
1.04679
2.5455
4.67653
0.78817
3.87936
0.716923
1.23417
1.66742
1.07012
1.58555
0.809508
0.800705
1.11201
1.04727
0.789719
2.00378
1.12163
1.20304
1.35202
1.50054
0.995453
6.74817
1.80143
1.70122
1.19137
2.09572
3.06001
0.762001
1.17958
1.83573
1.60577
0.906962
1.68101
6.43748
1.36289
2.49839
0.960511
0.634206
1.43983
1.26364
1.45691
1.27327
0.815179
1.66529
8.76687
1.39276
1.60495
1.04727
0.777282
4.0619
0.983739
1.16582
1.66287
2.95922
3.55661
1.45912
1.19497
4.01154
0.97499
1.23044
1.84915
2.30406
2.19892
4.87547
1.14535
1.13415
1.20211
1.17099
1.167
0.870051
1.09446
5.01475
3.49654
1.91373
1.60141
0.998924
2.9158
1.91766
1.81365
0.626936
2.52008
7.36714
1.07341
1.91373
2.9158
3.03856
3.12396
1.36451
1.05443
0.780928
1.62252
1.50412
0.983739
1.05035
1.13592
1.6874
2.36916
1.47743
1.06423
1.6643
1.55957
1.17346
1.19137
0.718981
1.32144
4.36433
1.66882
1.31065
1.09752
1.28539
5.64676
0.711113
0.906962
2.83754
1.37489
0.865443
0.761279
2.38795
1.06053
0.975506
0.99569
0.925156
3.1772
2.57218
0.832796
1.24164
1.2688
1.30012
5.30226
1.77921
1.29598
3.55298
2.94246
1.34066
1.01176
3.48957
3.28568
3.64545
2.66379
1.99571
5.49526
8.20675
2.53492
3.48854
0.899284
2.54877
0.908739
1.09985
3.04941
1.63473
1.8474
1.62252
1.6297
1.47597
1.08799
1.47253
1.20224
3.16674
2.91418
0.627816
1.01388
3.38278
1.45586
2.13435
1.87891
0.889605
7.79468
1.21441
0.850047
0.889605
2.817
6.63066
1.00803
1.778
2.35367
3.01542
4.75737
3.51
2.69488
1.37801
1.04679
2.5455
4.67653
0.78817
3.87936
0.716923
1.23417
1.66742
1.07012
1.58555
0.809508
0.800705
1.11201
1.04727
0.789719
2.00378
1.12163
1.20304
1.35202
1.50054
0.995453
6.74817
1.80143
1.70122
1.19137
2.09572
1.01504
1.91345
0.957427
1.09203
1.09203
0.842424
1.21231
0.617667
0.939336
1.42426
0.833441
1.42489
1.80488
0.847233
2.88331
0.817525
1.61863
0.550659
1.42255
1.54731
1.26841
1.77148
0.765001
1.07576
1.76404
2.032
1.01504
1.91345
0.957427
1.01989
0.957427
1.01989
1.01504
1.91345
0.957427
0.808337
1.18967
1.04221
1.01504
1.56004
1.12142
1.1531
1.35916
1.57944
1.92997
1.57944
1.57944
1.53174
1.28852
0.842816
1.18967
0.808337
1.18967
1.24272
1.08834
1.43812
0.915811
0.92582
0.915811
1.43812
1.29319
1.76991
1.76991
1.08834
0.681554
0.681554
1.08834
1.28933
0.681554
1.0112
1.26065
7.52944
1.08793
1.05759
0.967179
0.998104
1.24272
0.738549
0.681554
1.0112
1.08834
1.28933
1.56804
1.56804
1.56804
1.56804
1.56804
1.54464
1.709
1.7401
1.56804
1.08834
1.28933
1.56804
1.54464
1.56804
1.24272
0.738549
1.56804
1.7401
1.709
1.54464
1.44538
1.76991
1.29319
1.43812
0.915811
0.92582
1.26065
7.52944
1.08793
1.05759
0.967179
0.998104
1.24272
0.738549
0.681554
1.0112
1.08834
1.28933
1.56804
1.7401
1.709
1.54464
1.44538
1.76991
1.29319
1.43812
0.915811
0.92582
1.43812
0.915811
0.915811
0.92582
1.26065
7.52944
1.08793
1.05759
0.967179
0.998104
1.24272
0.738549
0.681554
1.0112
1.08834
1.28933
1.56804
1.26065
7.52944
1.08793
1.05759
0.967179
0.998104
1.24272
0.738549
1.43812
0.915811
0.92582
1.44538
1.08834
1.28933
1.26065
7.52944
1.08793
1.05759
0.967179
0.998104
1.24272
0.738549
0.681554
1.0112
1.08834
1.28933
1.08793
1.05759
0.967179
0.998104
1.24272
0.738549
0.681554
1.0112
1.24272
0.738549
0.681554
1.0112
1.08834
1.28933
1.56804
1.26065
7.52944
1.08793
1.05759
0.967179
0.998104
1.26065
1.15097
7.52944
1.08793
1.05759
0.967179
0.998104
1.24272
0.738549
0.681554
1.0112
1.08834
1.28933
1.56804
1.7401
1.709
1.54464
1.26065
1.15097
7.52944
1.08793
1.05759
0.967179
0.998104
1.24272
0.738549
0.681554
1.0112
1.08834
1.28933
1.26065
1.15097
7.52944
1.08793
1.05759
0.967179
0.998104
1.24272
0.738549
0.681554
1.0112
1.08834
1.28933
1.56804
1.7401
1.709
1.54464
1.44538
1.76991
1.58465
1.29319
1.43812
0.915811
0.92582
1.26065
1.15097
7.52944
1.08793
1.05759
0.967179
0.998104
1.24272
0.738549
0.681554
1.0112
1.08834
1.28933
1.56804
1.7401
1.709
1.54464
1.44538
1.76991
1.58465
1.29319
1.43812
0.915811
0.92582
1.26065
1.15097
7.52944
1.08793
1.05759
0.967179
0.998104
1.24272
0.738549
0.681554
1.0112
1.08834
1.28933
1.56804
1.7401
1.709
1.54464
1.44538
1.76991
1.58465
1.29319
1.43812
0.915811
0.92582
1.26065
1.15097
1.15097
7.52944
1.08793
1.05759
0.967179
0.998104
1.24272
0.738549
0.681554
1.0112
1.08834
1.28933
1.56804
1.7401
1.709
1.54464
1.44538
1.76991
1.58465
1.29319
1.43812
0.915811
0.92582
1.31982
1.34206
0.562109
1.41421
5.09359
1.59367
5.31555
1.01419
1.39205
1.48462
1.34404
1.39276
1.13192
1.5
0.8044
0.891633
0.937854
0.997982
0.817525
1.18818
2.29985
0.870388
2.29129
0.811212
1.17501
1.1977
1.26004
1.21129
2.18639
1.95466
1.02758
1.96312
1.2903
4.94639
1.31498
4.79351
1.82252
2.84778
2.51234
0.914636
0.948116
1.08429
1.02899
0.548584
0.933387
3.2322
0.420084
0.867118
3.38561
1.23784
1.50555
0.780002
1.94549
1.67253
1.54919
1.46787
1.10258
3.64203
0.889605
0.68354
1.56367
0.780302
0.704423
1.00284
1.05957
1.0556
1.22474
1.43684
1.29598
0.640533
0.933149
1.07012
0.924755
1.00252
0.905631
1.65362
1.31901
0.833441
5.81925
4.00692
4.39783
8.02818
2.58896
7.84747
2.0921
7.48827
1.81587
1.14919
6.01999
0.879556
1.16278
5.6395
0.617667
1.24144
0.928383
1.11779
0.984732
0.839317
0.751113
0.915811
0.936961
1.09053
0.879883
0.83215
0.648204
0.877588
1.78589
1.14128
1.15573
0.785905
1.61323
1.66882
4.13747
1.96529
0.725966
0.846114
1.3552
1.94235
1.43686
1.09065
1.65198
1.20133
0.598941
0.70023
1.18226
1.542
0.99003
1.07062
1.21773
0.638207
1.99875
2.0366
1.21372
0.840027
0.913908
1.17341
1.08558
1.15022
3.39294
1.28515
1.12163
1.66301
1.49263
0.943569
1.04521
0.771815
0.809508
0.657216
0.861123
2.65832
3.00823
1.478
1.4783
1
1.12221
0.838586
7.39151
1.01282
7.46052
0.937029
0.919327
0.73598
1.49509
3.16952
0.981687
5.0161
4.79053
1.05446
4.46969
1.02548
0.706512
1.27261
0.82436
1.80198
1.56028
1.07576
4.46325
1.15573
0.946426
1.33218
7.37587
1.33473
1.07111
0.950011
0.92728
1.13782
0.783065
0.773207
1.04537
0.948258
1.35664
1.83355
1.99462
2.04782
1.66426
1.32359
1.6606
1.50134
1.11758
1.53618
1.28891
0.855092
0.68354
1.56367
1.17501
1.1977
1.31498
4.79351
0.548584
0.933387
3.2322
0.946426
1.33218
7.37587
1.33473
1.07111
0.950011
0.92728
1.13782
0.783065
0.773207
1.04537
0.948258
1.35664
1.83355
1.99462
2.04782
1.66426
1.32359
1.6606
1.50134
1.11758
1.53618
1.28891
0.855092
0.78817
0.78817
6.50368
0.78817
0.803219
0.78817
0.615219
0.615219
6.00403
0.608069
0.694808
0.681554
0.866753
0.83219
0.803219
6.33984
0.803219
0.681554
0.681554
0.866753
0.83219
6.33984
6.50368
0.615219
1.42406
1.08558
0.855092
2.21869
2.10789
2.13812
6.00403
0.608069
0.694808
0.681554
0.866753
0.83219
6.33984
6.50368
0.615219
1.42406
1.08558
2.34177
6.14008
0.68225
0.79248
6.60517
0.626936
0.856349
1.17684
1.21649
1.53762
1.03954
1.03713
1.1288
0.945597
2.34177
6.14008
0.68225
0.79248
6.60517
0.626936
0.856349
1.17684
1.21649
1.53762
1.03954
1.03713
1.1288
0.945597
0.773906
6.70179
1.45912
2.34177
6.14008
0.68225
0.79248
6.60517
0.626936
0.856349
1.17684
1.21649
1.53762
1.03954
1.03713
1.1288
0.945597
2.44773
1.24434
2.44773
6.08471
0.718308
0.787375
6.58359
0.609272
0.961629
1.38269
1.28329
1.68485
0.950382
0.944708
1.04447
0.82436
2.44773
1.24434
6.08471
0.718308
0.787375
0.957427
6.58359
0.609272
1.15749
0.961629
1.38269
0.959526
1.28329
1.7271
1.21153
1.68485
4.51119
0.950382
0.944708
1.04447
0.82436
1.87285
1.60141
0.879883
0.601074
1.30012
1.0867
0.601074
1.30012
1.13798
0.65407
1.30195
1.02862
1.28329
1.30195
1.30012
0.601074
1.30012
1.13798
0.601074
1.30012
1.13798
1.01947
1.07844
0.665719
0.877588
2.34861
0.669015
0.894427
5.1977
2.21772
5.1977
0.866025
2.34861
0.669015
0.894427
0.906327
0.739078
0.906327
0.739078
0.711113
0.711113
0.711113
0.874981
0.711113
1.15879
0.913847
0.958304
0.69695
0.98292
1.37041
0.910794
1.56714
1.70136
0.751343
2.86848
0.906962
1.53685
0.562254
1.12062
1.44206
1.06587
1.69223
0.79248
0.894427
1.47819
2.12043
1.80473
1.43009
1.66438
1.02894
1.21814
0.931237
1.31656
2.15297
0.915811
2.38604
1.8033
1.23705
0.944708
1.61977
0.792437
1.46133
1.3431
0.731925
1.82989
1.05749
0.962503
1.57876
0.773207
1.14399
1.28364
1.49839
1.11683
0.997982
1.37811
2.07802
0.877588
0.820438
0.910794
1.73409
1.42457
1.11034
4.54599
0.879883
0.529437
5.00402
1.48923
0.704423
1.87285
0.978258
0.840027
1.1288
1.29359
0.992445
0.800705
0.871286
1.93753
1.13782
1.39122
1.02548
1.3889
0.804815
2.08271
1.02894
0.882323
0.874981
1.99621
1.30716
0.937854
1.06053
2.24283
0.718421
1.13642
1.16398
1.90543
0.960511
1.21721
1.20928
1.25895
0.973204
1.3581
1.36783
1.07062
0.77875
0.804557
1.2776
1.00352
1.70665
1.51409
0.66714
3.0627
0.777065
0.913847
0.958304
0.69695
0.98292
1.37041
0.910794
1.56714
1.70136
0.751343
2.86848
0.906962
1.53685
0.562254
1.12062
1.44206
1.06587
1.69223
0.79248
0.894427
1.47819
2.12043
1.80473
1.43009
1.66438
1.02894
1.21814
0.931237
1.31656
2.15297
0.915811
2.38604
1.8033
1.23705
0.944708
1.61977
0.792437
1.46133
1.3431
0.731925
1.82989
1.05749
0.962503
1.57876
0.773207
1.14399
1.28364
1.49839
1.11683
0.997982
0.879883
0.529437
5.00402
1.48923
0.704423
1.87285
0.978258
0.840027
1.1288
1.29359
0.992445
0.800705
0.871286
1.93753
1.13782
1.39122
1.02548
1.3889
0.804815
2.08271
1.02894
0.882323
0.874981
1.99621
1.30716
0.937854
1.06053
2.24283
0.718421
1.13642
1.16398
1.90543
0.960511
1.21721
1.20928
1.25895
0.973204
0.879883
0.529437
5.00402
1.48923
0.704423
1.87285
1.3889
0.804815
1.3889
0.804815
0.804815
0.804815
1.02894
2.08271
1.3889
0.804815
0.804815
2.08271
1.02894
1.02894
1.35916
1.49839
0.793116
2.20839
0.998924
0.922829
1.02735
2.10582
1.16264
1.07663
1.06867
2.47221
0.718421
1.26324
0.945597
2.1618
1.09939
1.08177
1.30919
1.30098
1.21638
1.64279
1.3575
1.20441
0.800705
0.877435
1.20315
1.06334
1.12068
0.608798
1.04419
1.49158
0.992445
1.52612
1.23741
0.860108
2.64348
0.945597
1.87857
0.81684
1.21109
1.6155
1.34667
2.0468
0.929794
1.04826
1.87271
2.24505
1.7006
1.46429
1.97464
1.27261
1.28891
0.812119
1.32353
1.06334
1.12068
0.608798
1.04419
1.49158
0.992445
1.52612
1.23741
0.860108
2.64348
0.945597
1.17583
1.06334
1.12068
0.608798
1.04419
1.49158
0.992445
1.52612
1.23741
0.860108
2.64348
0.945597
1.87857
0.81684
1.21109
1.6155
1.34667
2.0468
0.929794
1.04826
1.87271
2.24505
1.7006
1.46429
1.97464
1.27261
1.28891
0.812119
1.32353
2.41091
0.950382
1.75039
1.80907
1.20752
0.871286
1.74892
0.92403
1.62951
1.66301
0.888127
2.01697
1.37645
0.987857
1.74566
0.683961
1.18074
1.28682
1.61112
1.2115
1.05349
1.37966
1.8997
0.856349
1.07397
0.85944
1.85669
1.47961
1.45765
1.17501
1.40046
1.97457
1.28539
0.992445
0.726918
1.32876
1.03954
1.54356
0.931094
1.4346
1.56367
0.762001
0.857233
1.19896
1.25895
1.02862
0.701764
5.09971
1.63473
0.73598
0.883883
1.01401
0.893224
1.2688
1.50269
0.92728
0.847514
0.921663
1.62862
1.13192
1.31901
1.24394
1.49839
0.793116
2.20839
0.998924
0.922829
1.02735
2.10582
1.16264
1.07663
1.06867
2.47221
0.718421
1.26324
0.945597
2.1618
1.09939
1.08177
1.30919
1.30098
1.21638
1.64279
1.3575
1.20441
0.800705
0.877435
1.20315
1.34667
1.87857
1.3112
0.570361
1.24779
1.3112
0.570361
1.42522
1.06334
1.12068
1.17583
0.608798
1.04419
1.49158
0.992445
1.52612
1.23741
0.860108
2.64348
0.945597
1.87857
0.81684
1.21109
1.6155
1.34667
2.0468
0.929794
1.04826
1.87271
2.24505
1.7006
1.46429
1.97464
1.27261
1.28891
0.812119
1.32353
2.41091
0.950382
1.75039
1.80907
1.20752
0.871286
1.74892
0.92403
1.62951
1.66301
0.888127
2.01697
1.37645
0.987857
1.74566
0.683961
1.18074
1.28682
1.61112
1.2115
1.05349
1.37966
1.8997
0.856349
1.07397
0.85944
1.85669
1.47961
1.45765
1.17501
1.40046
1.97457
1.28539
0.992445
0.726918
1.32876
1.03954
1.54356
0.931094
1.4346
1.56367
0.762001
0.857233
1.19896
1.22802
1.2115
0.897465
2.4061
0.994302
1.89547
1.24779
1.3112
0.570361
1.42522
1.06334
1.12068
1.17583
0.608798
1.04419
1.49158
0.992445
1.52612
1.23741
0.860108
2.64348
0.945597
1.87857
0.81684
1.21109
1.6155
1.34667
2.0468
0.929794
1.04826
1.87271
2.24505
1.7006
1.46429
1.97464
1.27261
1.28891
0.812119
1.32353
2.41091
0.950382
1.75039
1.80907
1.20752
0.871286
1.74892
0.92403
1.62951
1.66301
0.888127
2.01697
1.37645
0.987857
1.74566
0.683961
1.18074
1.28682
1.61112
1.2115
1.05349
1.37966
1.8997
0.856349
1.07397
0.85944
1.85669
1.47961
1.45765
1.17501
1.40046
1.97457
1.28539
0.992445
0.726918
1.32876
1.03954
1.54356
0.931094
1.4346
1.56367
0.762001
0.857233
1.19896
1.22802
1.2115
0.897465
2.4061
0.994302
1.89547
1.02342
2.01381
1.25895
1.34164
1.3545
1.86219
1.04534
1.06423
2.24241
1.38424
1.61178
1.51338
1.21814
1.21649
1.44489
1.18545
0.842424
1.25895
1.02862
0.701764
5.09971
1.63473
0.73598
0.883883
1.01401
0.893224
1.2688
1.50269
0.92728
0.847514
0.921663
1.62862
1.13192
1.31901
1.24394
1.49839
0.793116
2.20839
0.998924
0.922829
1.02735
2.10582
1.16264
1.07663
1.06867
2.47221
0.718421
1.26324
0.945597
2.1618
1.09939
1.08177
1.30919
1.30098
1.21638
1.64279
1.3575
1.20441
0.800705
0.877435
1.20315
1.34667
1.87857
1.77346
0.730297
2.62433
0.803219
1.19857
0.991394
0.704423
1.76634
0.965117
1.47774
1.08462
2.24327
0.891633
1.38653
0.92403
1.35225
0.795147
0.795147
4.82823
0.82436
0.992395
0.830857
0.92728
1.24272
0.888434
1.07475
0.812578
1.05035
1.09572
1.26004
0.939455
0.728823
0.925156
1.06256
1.45774
1.49263
0.780302
0.75935
1.56544
1.34065
1.20215
1.97618
0.948258
0.707107
1.07485
1.22167
0.902438
1.11876
0.995981
1.24779
1.3112
0.570361
1.42522
1.06334
1.24779
1.3112
0.570361
0.842424
1.25895
1.02862
1.50269
0.92728
0.847514
0.921663
1.62862
1.13192
1.31901
1.24394
1.49839
0.793116
2.20839
0.998924
0.922829
1.02735
2.10582
1.16264
1.07663
1.06867
2.47221
0.718421
1.09939
1.08177
1.21638
1.50269
0.92728
0.847514
0.921663
1.62862
0.883883
1.01401
0.893224
1.2688
1.50269
0.92728
0.847514
0.921663
